7.624618986159398
9.433483923290392
8.317766166719343
9.433483923290392
10.349774655164547
10.349774655164547
10.349774655164547
11.090354888959125
11.443703995928276
10.349774655164547
9.010913347279288
10.349774655164547
11.443703995928276
10.349774655164547
10.349774655164547
11.443703995928276
8.317766166719343
10.349774655164547
9.010913347279288
10.349774655164547
9.010913347279288
10.349774655164547
9.433483923290392
11.443703995928276
10.349774655164547
10.349774655164547
10.349774655164547
10.349774655164547
6.473890696352274
8.317766166719343
6.87935580446044
8.317766166719343
9.010913347279288
9.010913347279288
9.010913347279288
9.076580381796658
10.349774655164547
9.010913347279288
7.284820912568604
9.010913347279288
10.349774655164547
9.010913347279288
9.010913347279288
10.349774655164547
6.87935580446044
9.010913347279288
7.284820912568604
9.010913347279288
7.284820912568604
9.010913347279288
8.317766166719343
10.349774655164547
9.010913347279288
9.010913347279288
9.010913347279288
9.010913347279288
7.6246189861593985
2.0794415416798357
10.349774655164547
8.740336742730447
9.704060527839234
9.010913347279288
10.349774655164547
3.295836866004329
5.0875963352323845
10.349774655164547
10.349774655164547
8.740336742730447
3.295836866004329
8.740336742730447
3.295836866004329
7.6246189861593985
2.0794415416798357
8.740336742730447
3.295836866004329
8.740336742730447
3.295836866004329
8.740336742730447
3.295836866004329
7.6246189861593985
2.0794415416798357
10.349774655164547
9.010913347279288
10.349774655164547
10.349774655164547
10.349774655164547
10.349774655164547
9.010913347279288
10.349774655164547
10.349774655164547
10.349774655164547
9.010913347279288
7.284820912568604
9.010913347279288
9.010913347279288
9.010913347279288
10.349774655164547
9.010913347279288
10.349774655164547
10.349774655164547
10.349774655164547
10.349774655164547
9.010913347279288
10.349774655164547
10.349774655164547
10.349774655164547
10.349774655164547
9.010913347279288
10.349774655164547
10.349774655164547
10.349774655164547
9.010913347279288
7.284820912568604
9.010913347279288
9.010913347279288
9.010913347279288
4.394449154672439
0.0
6.1862086239004945
3.295836866004329
3.295836866004329
0.0
7.6246189861593985
3.295836866004329
7.6246189861593985
3.295836866004329
7.6246189861593985
7.6246189861593985
7.6246189861593985
10.39720770839918
10.39720770839918
2.0794415416798357
0.0
7.6246189861593985
7.6246189861593985
0.0
2.0794415416798357
7.6246189861593985
10.39720770839918
10.39720770839918
7.6246189861593985
7.6246189861593985
0.0
6.1862086239004945
2.0794415416798357
7.6246189861593985
7.6246189861593985
0.0
7.6246189861593985
2.0794415416798357
7.6246189861593985
2.0794415416798357
6.238324625039508
0.0
6.238324625039508
0.0
6.238324625039508
0.0
10.349774655164547
9.010913347279288
10.349774655164547
10.349774655164547
10.349774655164547
10.349774655164547
9.010913347279288
10.349774655164547
10.349774655164547
10.349774655164547
10.349774655164547
9.010913347279288
10.349774655164547
10.349774655164547
10.349774655164547
9.010913347279288
7.284820912568604
9.010913347279288
9.010913347279288
9.010913347279288
4.394449154672439
0.0
6.1862086239004945
3.295836866004329
0.0
3.295836866004329
7.6246189861593985
3.295836866004329
7.6246189861593985
3.295836866004329
7.6246189861593985
7.6246189861593985
0.0
6.1862086239004945
2.0794415416798357
7.6246189861593985
10.39720770839918
10.39720770839918
2.0794415416798357
7.6246189861593985
2.0794415416798357
7.6246189861593985
2.0794415416798357
7.6246189861593985
7.6246189861593985
7.6246189861593985
10.39720770839918
10.39720770839918
0.0
2.0794415416798357
7.6246189861593985
7.6246189861593985
0.0
0.0
7.6246189861593985
7.6246189861593985
