82
91
100
109
118
127
136
145
154
215
298
300
301
302
303
304
305
313
315
316
328
330
331
393
395
410
425
477
478
479
480
482
483
484
485
488
492
493
494
495
496
497
498
499
500
501
503
507
508
509
510
511
512
513
514
515
516
518
618
620
657
658
659
660
661
662
663
664
665
666
672
673
674
675
676
677
678
679
680
687
688
689
690
691
692
693
694
695
752
753
754
755
756
837
838
839
840
841
842
843
844
845
846
847
848
852
853
857
858
862
867
868
872
873
878
908
920
933
967
973
976
1008
1011
1012
1014
1016
1020
1026
1033
1035
1036
1037
1039
1041
1045
1076
1135
1150
1165
1217
1218
1219
1220
1222
1223
1224
1225
1228
1232
1233
1234
1235
1236
1237
1238
1239
1240
1241
1242
1243
1246
1255
1357
1358
1359
1360
1397
1398
1399
1400
1401
1402
1403
1404
1405
1406
1416
1421
1482
1493
1529
1535
1543
1618
1620
1621
1622
1624
1626
1628
1630
1631
1632
1634
1636
1637
1638
1639
1640
1670
1675
1676
1677
1685
1686
1690
1691
1692
1696
1697
1726
1733
1734
1735
1736
1743
1744
1745
1746
1747
1753
1754
1755
1756
1757
1810
1811
1812
1813
1815
1816
1817
1818
1819
1839
