81
82
84
85
87
88
90
91
93
94
96
97
99
100
102
103
105
106
108
109
111
112
114
115
117
118
120
121
123
124
126
127
129
130
132
133
135
136
138
139
141
142
144
145
147
148
150
151
153
154
156
157
159
160
208
209
210
211
212
213
214
215
217
220
223
224
225
226
229
230
232
235
238
239
240
241
244
245
247
250
253
255
257
258
259
260
262
268
270
277
283
285
292
297
298
299
300
301
302
303
304
305
306
307
308
309
310
311
312
313
314
315
316
317
318
319
320
321
322
323
324
325
326
327
328
329
330
331
332
333
334
335
336
337
338
339
340
341
387
388
389
390
391
392
393
394
395
396
397
402
403
404
405
406
407
408
409
410
411
412
417
418
419
420
421
422
423
424
425
426
427
433
435
438
440
443
445
462
467
472
477
478
479
480
481
482
483
484
485
486
487
488
490
492
493
494
495
496
497
498
499
500
501
502
507
508
509
510
511
512
513
514
515
516
517
568
569
570
571
573
574
575
576
578
579
580
581
584
585
586
589
590
594
595
597
600
601
602
605
607
610
612
613
614
615
617
618
619
620
621
622
627
628
629
630
632
633
634
635
637
642
643
644
645
647
648
649
650
652
657
658
659
660
661
662
663
664
665
666
668
669
670
671
672
673
674
675
676
677
678
679
680
681
684
685
687
688
689
690
691
692
693
694
695
696
697
700
747
748
749
750
751
752
753
754
755
756
762
763
764
765
766
767
768
769
770
771
773
777
778
779
780
781
782
783
784
785
786
787
837
838
839
840
841
842
843
844
845
846
852
853
854
855
856
857
858
859
860
861
863
867
868
869
870
871
872
873
874
875
876
877
908
909
910
914
915
917
918
920
923
924
926
929
930
933
942
943
944
945
948
950
957
958
959
960
961
962
963
964
965
966
967
968
969
970
971
972
973
974
975
976
977
978
979
980
981
985
987
997
1007
1008
1009
1010
1013
1014
1015
1017
1018
1019
1020
1023
1024
1025
1026
1029
1030
1032
1033
1034
1038
1040
1042
1043
1044
1045
1048
1050
1057
1058
1059
1060
1061
1062
1063
1064
1065
1066
1067
1068
1069
1070
1071
1072
1073
1074
1075
1076
1077
1078
1079
1080
1081
1127
1128
1129
1130
1131
1132
1133
1134
1135
1136
1137
1142
1143
1144
1145
1146
1147
1148
1149
1150
1151
1152
1157
1158
1159
1160
1161
1162
1163
1164
1165
1166
1167
1172
1173
1174
1175
1177
1178
1179
1180
1182
1183
1184
1185
1187
1188
1189
1190
1192
1193
1194
1195
1197
1198
1199
1200
1202
1207
1212
1217
1218
1219
1220
1221
1222
1223
1224
1225
1226
1227
1228
1229
1230
1232
1233
1234
1235
1236
1237
1238
1239
1240
1241
1242
1243
1244
1245
1247
1248
1249
1250
1251
1252
1253
1254
1255
1256
1257
1309
1310
1311
1314
1315
1316
1319
1320
1321
1324
1325
1329
1330
1334
1335
1339
1340
1344
1345
1349
1350
1352
1353
1354
1355
1357
1358
1359
1360
1361
1367
1368
1369
1370
1371
1372
1373
1374
1375
1376
1378
1382
1383
1384
1385
1386
1387
1388
1389
1390
1391
1392
1397
1398
1399
1400
1401
1402
1403
1404
1405
1406
1409
1410
1411
1412
1413
1414
1415
1416
1417
1418
1419
1420
1421
1424
1425
1427
1428
1429
1430
1431
1432
1433
1434
1435
1436
1439
1440
1470
1472
1477
1478
1479
1481
1482
1483
1485
1486
1488
1493
1494
1495
1499
1500
1504
1505
1509
1510
1517
1519
1520
1523
1524
1525
1527
1528
1529
1530
1531
1532
1533
1534
1535
1536
1541
1543
1567
1569
1573
1575
1577
1578
1579
1580
1581
1582
1583
1584
1585
1586
1592
1593
1594
1595
1596
1597
1598
1599
1600
1601
1602
1603
1604
1605
1606
1607
1608
1609
1610
1611
1612
1613
1614
1615
1617
1618
1619
1620
1621
1622
1623
1624
1625
1626
1627
1628
1629
1630
1631
1632
1633
1634
1635
1636
1637
1638
1639
1640
1641
1670
1671
1672
1674
1675
1676
1677
1679
1680
1682
1683
1685
1686
1687
1688
1690
1691
1692
1693
1694
1696
1697
1723
1724
1725
1726
1728
1729
1730
1731
1733
1734
1735
1736
1737
1743
1744
1745
1746
1747
1753
1754
1755
1756
1757
1770
1771
1772
1773
1778
1779
1780
1781
1785
1790
1807
1808
1809
1810
1811
1812
1813
1814
1815
1816
1817
1818
1819
1833
1835
1836
1837
1838
1839
1845
1846
1847
1849
